7
10
10
1 2 3 4 5 6 7 8 9 10
3 4 5 6 7 2 9 10 2 1
2 4 6 2 9 8 2 4 1 2
3 9 2 1 2 1 7 6 4 3
10 9 3 2 7 8 5 6 2 1
1 3 4 5 6 6 7 9 10 3
9 3 8 4 2 4 1 3 3 8
4 5 9 2 9 3 9 5 2 5
2 4 6 2 9 8 2 4 1 2
3 9 2 1 2 1 7 6 4 3
10
10
99 23 45 28 65 20 21 99 76 28
01 01 01 06 01 01 98 67 45 16
35 49 87 09 10 11 12 13 14 15
32 28 39 08 39 24 66 93 04 29
88 23 56 07 24 26 93 14 83 99
35 93 63 06 35 25 63 88 35 82
34 69 04 05 36 28 39 24 19 48
94 39 03 07 36 28 20 58 20 54
38 20 02 48 27 84 99 27 83 27
74 10 01 38 58 29 81 73 19 99
3
5
12 3 15 8 21
10 2 10 13 9
11 8 19 17 3
2
2
10 2
15 9
3
3
1 1 1
1 1 1
1 1 1
1
4
1 2 3 4
1
1
89